Arquivo,MIME_type
VirusShare_e3f28d30accbd1fb639cb132786bb61c,application/x-iso9660-image
VirusShare_1b5253f12a76c5b111750d1e2f22d5b6,application/x-iso9660-image
VirusShare_354115d7bb67d5ae80980581efc76a2f,application/x-iso9660-image
VirusShare_e0ed0465c53b75d188055fdf60d7e8dc,application/x-iso9660-image
VirusShare_15a650103f42f58cdca27d4ede145e81,application/x-iso9660-image
